Sum av to sinus
     0.006
     1.012
    -0.467
    -0.396
     1.202
     0.304
    -0.581
     1.018
     1.066
    -0.417
     0.593
     1.587
     0.093
     0.145
     1.723
     0.804
    -0.105
     1.468
     1.489
    -0.023
     0.956
     1.918
     0.391
     0.408
     1.950
     0.996
     0.048
     1.583
     1.567
     0.016
     0.955
     1.880
     0.314
     0.291
     1.796
     0.805
    -0.180
     1.320
     1.269
    -0.315
     0.591
     1.486
    -0.109
    -0.160
     1.320
     0.306
    -0.702
     0.777
     0.711
    -0.889
     0.003
     0.887
    -0.715
    -0.773
     0.703
    -0.312
    -1.318
     0.164
     0.104
    -1.488
    -0.586
     0.313
    -1.274
    -1.315
     0.181
    -0.811
    -1.795
    -0.287
    -0.319
    -1.881
    -0.949
    -0.018
    -1.571
    -1.579
    -0.047
    -1.001
    -1.949
    -0.403
    -0.395
    -1.920
    -0.950
     0.021
    -1.493
    -1.463
     0.107
    -0.810
    -1.721
    -0.141
    -0.097
    -1.589
    -0.587
     0.415
    -1.070
    -1.013
     0.583
    -0.309
    -1.200
     0.401
     0.462
    -1.014
     0.000
     1.014
    -0.462
    -0.401
     1.200
     0.309
    -0.583
     1.013
     1.070
    -0.415
     0.587
     1.589
     0.097
     0.141
     1.721
     0.810
    -0.107
     1.463
     1.493
    -0.021
     0.950
     1.920
     0.395
     0.403
     1.949
     1.001
     0.047
     1.579
     1.571
     0.018
     0.949
     1.881
     0.319
     0.287
     1.795
     0.811
    -0.181
     1.315
     1.274
    -0.313
     0.586
     1.488
    -0.104
    -0.164
     1.318
     0.312
    -0.703
     0.773
     0.715
    -0.887
    -0.003
     0.889
    -0.711
    -0.777
     0.702
    -0.306
    -1.320
     0.160
     0.109
    -1.486
    -0.591
     0.315
    -1.269
    -1.320
     0.180
    -0.805
    -1.796
    -0.291
    -0.314
    -1.880
    -0.955
    -0.016
    -1.567
    -1.583
    -0.048
    -0.996
    -1.950
    -0.408
    -0.391
    -1.918
    -0.956
     0.023
    -1.489
    -1.468
     0.105
    -0.804
    -1.723
    -0.145
    -0.093
    -1.587
    -0.593
     0.417
    -1.066
    -1.018
     0.581
    -0.304
    -1.202
     0.396
     0.467
    -1.012
    -0.006
